			GMRT Grid Version 4.1.1
Longitude	Latitude	Distance (km)	Elevation (m)
-87.5171	9.5867	0.0	-3236.0647
-87.5163	9.5874	0.12037322	-3240.0515
-87.5154	9.5881	0.24074651	-3242.791
-87.5146	9.5888	0.3611198	-3241.2065
-87.5138	9.5895	0.48149306	-3238.964
-87.5130	9.5902	0.6018663	-3238.3342
-87.5121	9.5910	0.72223955	-3238.3374
-87.5113	9.5917	0.8426128	-3241.0244
-87.5105	9.5924	0.962986	-3244.9265
-87.5097	9.5931	1.0833591	-3246.0063
-87.5088	9.5938	1.2037324	-3246.74
-87.5080	9.5945	1.3241056	-3246.996
-87.5072	9.5952	1.4444789	-3244.626
-87.5064	9.5960	1.564852	-3240.1384
-87.5055	9.5967	1.6852252	-3237.5825
-87.5047	9.5974	1.8055985	-3237.087
-87.5039	9.5981	1.9259717	-3235.747
-87.5031	9.5988	2.046345	-3232.6113
-87.5022	9.5995	2.1667182	-3230.0234
-87.5014	9.6002	2.2870915	-3228.8403
-87.5006	9.6009	2.4074647	-3228.4695
-87.4998	9.6017	2.527838	-3228.3489
-87.4989	9.6024	2.6482112	-3227.5867
-87.4981	9.6031	2.7685845	-3227.2678
-87.4973	9.6038	2.8889577	-3228.774
-87.4965	9.6045	3.009331	-3231.7747
-87.4956	9.6052	3.1297042	-3234.304
-87.4948	9.6059	3.2500775	-3236.9187
-87.4940	9.6067	3.3704507	-3246.916
-87.4932	9.6074	3.490824	-3273.9373
-87.4923	9.6081	3.6111972	-3278.6458
-87.4915	9.6088	3.7315705	-3281.6104
-87.4907	9.6095	3.8519437	-3285.4873
-87.4899	9.6102	3.972317	-3284.3623
-87.4890	9.6109	4.0926905	-3282.9595
-87.4882	9.6117	4.2130637	-3282.9373
-87.4874	9.6124	4.333437	-3284.0496
-87.4866	9.6131	4.45381	-3283.0664
-87.4857	9.6138	4.5741835	-3281.4717
-87.4849	9.6145	4.6945567	-3280.0366
-87.4841	9.6152	4.81493	-3278.837
-87.4833	9.6159	4.935303	-3276.687
-87.4824	9.6167	5.0556765	-3273.76
-87.4816	9.6174	5.1760497	-3271.824
-87.4808	9.6181	5.296423	-3270.5063
-87.4799	9.6188	5.416796	-3270.0847
-87.4791	9.6195	5.5371695	-3269.9795
-87.4783	9.6202	5.6575427	-3269.892
-87.4775	9.6209	5.777916	-3268.235
-87.4767	9.6217	5.898289	-3267.6394
-87.4758	9.6224	6.0186625	-3268.4624
-87.4750	9.6231	6.1390357	-3270.1633
-87.4742	9.6238	6.259409	-3272.552
-87.4734	9.6245	6.379782	-3275.9448
-87.4725	9.6252	6.5001554	-3279.3767
-87.4717	9.6259	6.6205287	-3281.8289
-87.4709	9.6267	6.740902	-3283.3057
-87.4700	9.6274	6.861275	-3285.213
-87.4692	9.6281	6.9816484	-3286.504
-87.4684	9.6288	7.1020217	-3287.583
-87.4676	9.6295	7.222395	-3287.1978
-87.4668	9.6302	7.342768	-3286.627
-87.4659	9.6309	7.4631414	-3285.9944
-87.4651	9.6316	7.5835147	-3284.077
-87.4643	9.6324	7.703888	-3281.3313
-87.4634	9.6331	7.824261	-3277.8308
-87.4626	9.6338	7.9446344	-3274.2656
-87.4618	9.6345	8.065008	-3273.635
-87.4610	9.6352	8.185381	-3274.0032
-87.4601	9.6359	8.305755	-3275.3525
-87.4593	9.6366	8.426128	-3275.3281
-87.4585	9.6374	8.546502	-3272.7466
-87.4577	9.6381	8.666876	-3270.377
-87.4568	9.6388	8.787249	-3267.282
-87.4560	9.6395	8.907621	-3274.773
-87.4552	9.6402	9.027994	-3251.932
-87.4544	9.6409	9.148367	-3232.358
-87.4535	9.6416	9.268741	-3225.0703
-87.4527	9.6424	9.389114	-3224.3447
-87.4519	9.6431	9.509488	-3226.9978
-87.4511	9.6438	9.629862	-3229.3562
-87.4502	9.6445	9.750235	-3231.2554
-87.4494	9.6452	9.870607	-3233.7544
-87.4486	9.6459	9.99098	-3235.2961
-87.4478	9.6466	10.111353	-3234.6055
-87.4469	9.6474	10.231726	-3234.556
-87.4461	9.6481	10.352098	-3236.9985
-87.4453	9.6488	10.472472	-3239.3098
-87.4445	9.6495	10.592846	-3239.1836
-87.4436	9.6502	10.71322	-3233.7695
-87.4428	9.6509	10.833592	-3228.8298
-87.4420	9.6516	10.953965	-3230.7505
-87.4412	9.6524	11.074338	-3235.243
-87.4403	9.6531	11.194711	-3237.597
-87.4395	9.6538	11.3150835	-3238.2092
-87.4387	9.6545	11.435456	-3224.1907
-87.4379	9.6552	11.555829	-3211.8936
-87.4370	9.6559	11.676203	-3216.439
-87.4362	9.6566	11.796576	-3212.5073
-87.4354	9.6573	11.916948	-3212.276
-87.4346	9.6581	12.037321	-3212.8938
-87.4337	9.6588	12.157694	-3216.9363
-87.4329	9.6595	12.278067	-3218.9634
-87.4321	9.6602	12.398439	-3219.2612
-87.4313	9.6609	12.518812	-3218.499
-87.4304	9.6616	12.639185	-3215.9023
-87.4296	9.6623	12.759558	-3213.8982
-87.4288	9.6631	12.879931	-3213.8765
-87.4279	9.6638	13.000304	-3214.7988
-87.4271	9.6645	13.120677	-3216.2617
-87.4263	9.6652	13.241051	-3216.482
-87.4255	9.6659	13.3614235	-3216.4827
-87.4247	9.6666	13.481796	-3216.3271
-87.4238	9.6673	13.602169	-3216.2637
-87.4230	9.6681	13.722542	-3214.6516
-87.4222	9.6688	13.842915	-3213.0808
-87.4213	9.6695	13.963287	-3211.3638
-87.4205	9.6702	14.08366	-3209.8293
-87.4197	9.6709	14.204034	-3207.7156
-87.4189	9.6716	14.324407	-3206.831
-87.4180	9.6723	14.44478	-3206.935
-87.4172	9.6731	14.565153	-3206.9795
-87.4164	9.6738	14.685526	-3207.6135
-87.4156	9.6745	14.8059	-3208.8481
-87.4147	9.6752	14.926272	-3210.8042
-87.4139	9.6759	15.046645	-3212.7803
-87.4131	9.6766	15.167019	-3214.7388
-87.4123	9.6773	15.287393	-3216.0034
-87.4114	9.6781	15.407765	-3216.8193
-87.4106	9.6788	15.528138	-3217.4795
-87.4098	9.6795	15.648512	-3218.262
-87.4090	9.6802	15.768886	-3218.7234
-87.4081	9.6809	15.889259	-3218.653
-87.4073	9.6816	16.009632	-3217.9849
-87.4065	9.6823	16.130005	-3217.5583
-87.4057	9.6830	16.250378	-3217.0183
-87.4048	9.6838	16.37075	-3215.913
-87.4040	9.6845	16.491123	-3214.1428
-87.4032	9.6852	16.611496	-3211.8352
-87.4024	9.6859	16.731869	-3208.48
-87.4015	9.6866	16.852242	-3204.2578
-87.4007	9.6873	16.972614	-3199.4382
-87.3999	9.6880	17.092987	-3194.9438
-87.3991	9.6888	17.21336	-3191.7522
-87.3982	9.6895	17.333733	-3189.6973
-87.3974	9.6902	17.454105	-3187.6626
-87.3966	9.6909	17.574478	-3185.9866
-87.3958	9.6916	17.69485	-3184.0237
-87.3949	9.6923	17.815224	-3181.5674
-87.3941	9.6930	17.935596	-3179.0845
-87.3933	9.6938	18.05597	-3176.5864
-87.3924	9.6945	18.176342	-3175.0918
-87.3916	9.6952	18.296715	-3174.7507
-87.3908	9.6959	18.417088	-3175.067
-87.3900	9.6966	18.53746	-3174.184
-87.3891	9.6973	18.657833	-3173.6826
-87.3883	9.6980	18.778206	-3173.143
-87.3875	9.6987	18.898579	-3173.5552
-87.3867	9.6995	19.018951	-3175.6155
-87.3858	9.7002	19.139324	-3176.6985
-87.3850	9.7009	19.259697	-3177.6045
-87.3842	9.7016	19.38007	-3177.9414
-87.3834	9.7023	19.500443	-3177.2317
-87.3825	9.7030	19.620815	-3176.2012
-87.3817	9.7037	19.741188	-3175.0464
-87.3809	9.7045	19.86156	-3174.1084
-87.3801	9.7052	19.981934	-3171.371
-87.3792	9.7059	20.102306	-3168.2368
-87.3784	9.7066	20.22268	-3166.568
-87.3776	9.7073	20.343052	-3166.4463
-87.3768	9.7080	20.463425	-3166.3523
-87.3759	9.7087	20.583797	-3166.8103
-87.3751	9.7095	20.70417	-3166.1616
-87.3743	9.7102	20.824543	-3164.306
-87.3735	9.7109	20.944916	-3162.2798
-87.3726	9.7116	21.065289	-3160.5066
-87.3718	9.7123	21.185661	-3159.8708
-87.3710	9.7130	21.306034	-3159.8286
-87.3702	9.7137	21.426407	-3159.94
-87.3693	9.7145	21.54678	-3159.7354
-87.3685	9.7152	21.667152	-3159.1936
-87.3677	9.7159	21.787525	-3158.534
-87.3669	9.7166	21.907898	-3157.4563
-87.3660	9.7173	22.02827	-3157.0867
-87.3652	9.7180	22.148643	-3157.2754
-87.3644	9.7187	22.269016	-3157.8967
-87.3635	9.7194	22.389389	-3158.0227
-87.3627	9.7202	22.509762	-3158.232
-87.3619	9.7209	22.630135	-3158.26
-87.3611	9.7216	22.750507	-3158.0513
-87.3602	9.7223	22.87088	-3158.3264
-87.3594	9.7230	22.991253	-3158.0508
-87.3586	9.7237	23.111626	-3158.1514
-87.3578	9.7244	23.231998	-3158.5886
-87.3569	9.7252	23.352371	-3159.7039
-87.3561	9.7259	23.472744	-3161.1257
-87.3553	9.7266	23.593117	-3162.5063
-87.3545	9.7273	23.71349	-3163.2856
-87.3536	9.7280	23.833862	-3163.824
-87.3528	9.7287	23.954235	-3163.8416
-87.3520	9.7294	24.074608	-3163.4563
-87.3512	9.7302	24.19498	-3162.8738
-87.3503	9.7309	24.315353	-3161.3494
-87.3495	9.7316	24.435726	-3160.382
-87.3487	9.7323	24.556099	-3157.6282
-87.3479	9.7330	24.676472	-3154.0627
-87.3470	9.7337	24.796844	-3149.23
-87.3462	9.7344	24.917217	-3143.3635
-87.3454	9.7351	25.03759	-3137.848
-87.3446	9.7359	25.157963	-3133.417
-87.3437	9.7366	25.278336	-3130.469
-87.3429	9.7373	25.398708	-3129.6875
-87.3421	9.7380	25.519081	-3131.5964
-87.3412	9.7387	25.639454	-3133.394
-87.3404	9.7394	25.759827	-3135.8667
-87.3396	9.7401	25.8802	-3137.5894
-87.3388	9.7409	26.000572	-3137.3
-87.3379	9.7416	26.120945	-3137.6306
-87.3371	9.7423	26.241318	-3158.3892
-87.3363	9.7430	26.36169	-3177.4421
-87.3355	9.7437	26.482063	-3172.3616
-87.3346	9.7444	26.602436	-3171.0425
-87.3338	9.7451	26.722809	-3168.9856
-87.3330	9.7459	26.843182	-3166.1702
-87.3322	9.7466	26.963554	-3162.7668
-87.3313	9.7473	27.083927	-3158.9868
-87.3305	9.7480	27.2043	-3155.0574
-87.3297	9.7487	27.324673	-3151.3616
-87.3289	9.7494	27.445045	-3148.2776
-87.3280	9.7501	27.565418	-3146.175
-87.3272	9.7508	27.685791	-3145.5981
-87.3264	9.7516	27.806164	-3146.7632
-87.3256	9.7523	27.926537	-3149.4084
-87.3247	9.7530	28.04691	-3152.913
-87.3239	9.7537	28.167282	-3156.5242
-87.3231	9.7544	28.287655	-3159.562
-87.3223	9.7551	28.408028	-3161.632
-87.3214	9.7558	28.5284	-3162.457
-87.3206	9.7566	28.648773	-3161.904
-87.3198	9.7573	28.769146	-3160.0554
-87.3189	9.7580	28.889519	-3157.1658
-87.3181	9.7587	29.009892	-3153.611
-87.3173	9.7594	29.130264	-3149.898
-87.3165	9.7601	29.250637	-3146.5305
-87.3156	9.7608	29.37101	-3143.9316
-87.3148	9.7616	29.491383	-3142.2402
-87.3140	9.7623	29.611755	-3141.5425
-87.3132	9.7630	29.732128	-3141.882
-87.3123	9.7637	29.8525	-3143.3325
-87.3115	9.7644	29.972874	-3145.8372
-87.3107	9.7651	30.093246	-3149.2122
-87.3099	9.7658	30.21362	-3153.4385
-87.3090	9.7665	30.333992	-3158.3813
-87.3082	9.7673	30.454365	-3163.7644
-87.3074	9.7680	30.574738	-3169.1077
-87.3066	9.7687	30.69511	-3173.9622
-87.3057	9.7694	30.815483	-3177.8992
-87.3049	9.7701	30.935856	-3180.5664
-87.3041	9.7708	31.056229	-3181.694
-87.3033	9.7715	31.176601	-3181.151
-87.3024	9.7723	31.296974	-3179.1477
-87.3016	9.7730	31.417347	-3176.0786
-87.3008	9.7737	31.53772	-3172.563
-87.2999	9.7744	31.658092	-3169.247
-87.2991	9.7751	31.778465	-3166.5974
-87.2983	9.7758	31.898838	-3164.9226
-87.2975	9.7765	32.01921	-3164.288
-87.2966	9.7772	32.139584	-3164.4717
-87.2958	9.7780	32.259956	-3165.1125
-87.2950	9.7787	32.38033	-3165.601
-87.2942	9.7794	32.5007	-3165.4077
-87.2933	9.7801	32.621075	-3164.12
-87.2925	9.7808	32.741447	-3161.8967
-87.2917	9.7815	32.86182	-3159.0886
-87.2909	9.7822	32.982193	-3156.196
-87.2900	9.7830	33.102566	-3153.538
-87.2892	9.7837	33.22294	-3151.3499
-87.2884	9.7844	33.34331	-3149.805
-87.2876	9.7851	33.463684	-3148.939
-87.2867	9.7858	33.584057	-3148.6658
-87.2859	9.7865	33.70443	-3148.8389
-87.2851	9.7872	33.824802	-3149.1357
-87.2842	9.7880	33.945175	-3149.2869
-87.2834	9.7887	34.065548	-3149.314
-87.2826	9.7894	34.18592	-3149.4092
-87.2818	9.7901	34.306293	-3149.6438
-87.2809	9.7908	34.426666	-3150.0427
-87.2801	9.7915	34.54704	-3150.584
-87.2793	9.7922	34.66741	-3151.2312
-87.2785	9.7929	34.787785	-3151.9602
-87.2776	9.7937	34.908157	-3152.7007
-87.2768	9.7944	35.02853	-3153.3591
-87.2760	9.7951	35.148903	-3153.8696
-87.2752	9.7958	35.269276	-3154.188
-87.2743	9.7965	35.38965	-3154.396
-87.2735	9.7972	35.51002	-3154.7188
-87.2727	9.7979	35.630394	-3155.3203
-87.2719	9.7987	35.750767	-3156.348
-87.2710	9.7994	35.87114	-3157.8577
-87.2702	9.8001	35.991512	-3159.7893
-87.2694	9.8008	36.111885	-3161.9731
-87.2686	9.8015	36.232258	-3164.138
-87.2677	9.8022	36.35263	-3165.9595
-87.2669	9.8029	36.473003	-3167.0159
-87.2661	9.8036	36.593376	-3167.0747
-87.2653	9.8044	36.71375	-3166.168
-87.2644	9.8051	36.83412	-3164.4717
-87.2636	9.8058	36.954494	-3162.3792
-87.2628	9.8065	37.074867	-3160.3074
-87.2619	9.8072	37.19524	-3158.6252
-87.2611	9.8079	37.315613	-3157.5369
-87.2603	9.8086	37.435986	-3157.0554
-87.2595	9.8094	37.55636	-3156.9998
-87.2586	9.8101	37.67673	-3157.0188
-87.2578	9.8108	37.797104	-3156.6504
-87.2570	9.8115	37.917477	-3155.3274
-87.2562	9.8122	38.03785	-3152.9497
-87.2553	9.8129	38.158222	-3149.6746
-87.2545	9.8136	38.278595	-3145.8342
-87.2537	9.8144	38.398968	-3141.9736
-87.2529	9.8151	38.51934	-3138.612
-87.2520	9.8158	38.639713	-3136.09
-87.2512	9.8165	38.760086	-3134.5752
-87.2504	9.8172	38.88046	-3134.069
-87.2495	9.8179	39.00083	-3134.3513
-87.2487	9.8186	39.121204	-3134.9282
-87.2479	9.8193	39.241577	-3135.29
-87.2471	9.8201	39.36195	-3135.031
-87.2462	9.8208	39.482323	-3134.1177
-87.2454	9.8215	39.602695	-3132.627
-87.2446	9.8222	39.72307	-3130.864
-87.2438	9.8229	39.84344	-3129.248
-87.2429	9.8236	39.963814	-3128.1648
-87.2421	9.8243	40.084187	-3127.7334
-87.2413	9.8251	40.20456	-3127.9458
-87.2405	9.8258	40.324932	-3128.6543
-87.2396	9.8265	40.445305	-3129.3572
-87.2388	9.8272	40.565678	-3129.6394
-87.2380	9.8279	40.68605	-3129.238
-87.2372	9.8286	40.806423	-3128.125
-87.2363	9.8293	40.926796	-3126.4578
-87.2355	9.8300	41.04717	-3124.4714
-87.2347	9.8308	41.16754	-3122.6814
-87.2338	9.8315	41.287914	-3121.5764
-87.2330	9.8322	41.408287	-3121.5798
-87.2322	9.8329	41.52866	-3122.6409
-87.2314	9.8336	41.649033	-3124.508
-87.2305	9.8343	41.769405	-3126.618
-87.2297	9.8350	41.88978	-3128.3499
-87.2289	9.8358	42.01015	-3129.3936
-87.2281	9.8365	42.130524	-3129.5398
-87.2272	9.8372	42.250896	-3128.752
-87.2264	9.8379	42.37127	-3127.2334
-87.2256	9.8386	42.491642	-3125.2458
-87.2248	9.8393	42.612015	-3123.3223
-87.2239	9.8400	42.732388	-3122.0068
-87.2231	9.8407	42.85276	-3121.8137
-87.2223	9.8415	42.973133	-3122.6313
-87.2215	9.8422	43.093506	-3124.2163
-87.2206	9.8429	43.21388	-3126.209
-87.2198	9.8436	43.33425	-3128.4043
-87.2190	9.8443	43.454624	-3130.6423
-87.2181	9.8450	43.574997	-3132.763
-87.2173	9.8457	43.69537	-3134.6963
-87.2165	9.8465	43.815742	-3136.4517
-87.2157	9.8472	43.936115	-3138.005
-87.2148	9.8479	44.056488	-3139.537
-87.2140	9.8486	44.17686	-3141.2158
-87.2132	9.8493	44.297234	-3143.215
-87.2124	9.8500	44.417606	-3145.4705
-87.2115	9.8507	44.53798	-3147.9404
-87.2107	9.8514	44.65835	-3150.522
-87.2099	9.8522	44.778725	-3153.1287
-87.2091	9.8529	44.899097	-3155.6724
-87.2082	9.8536	45.01947	-3158.03
-87.2074	9.8543	45.139843	-3160.1155
-87.2066	9.8550	45.260216	-3161.842
-87.2057	9.8557	45.38059	-3163.0725
-87.2049	9.8564	45.50096	-3163.7144
-87.2041	9.8572	45.621334	-3163.6208
-87.2033	9.8579	45.741707	-3162.8662
-87.2024	9.8586	45.86208	-3161.5847
-87.2016	9.8593	45.982452	-3159.8833
-87.2008	9.8600	46.102825	-3157.8682
-87.2000	9.8607	46.223198	-3155.6707
-87.1991	9.8614	46.34357	-3153.3982
-87.1983	9.8621	46.463943	-3151.1423
-87.1975	9.8629	46.584316	-3148.993
-87.1967	9.8636	46.70469	-3147.081
-87.1958	9.8643	46.82506	-3145.1936
-87.1950	9.8650	46.945435	-3143.13
-87.1942	9.8657	47.065807	-3140.7075
-87.1934	9.8664	47.18618	-3138.0344
-87.1925	9.8671	47.306553	-3135.1606
-87.1917	9.8679	47.426926	-3132.1594
-87.1909	9.8686	47.5473	-3129.1428
-87.1900	9.8693	47.66767	-3126.274
-87.1892	9.8700	47.788044	-3123.7515
-87.1884	9.8707	47.908417	-3121.7913
-87.1876	9.8714	48.02879	-3120.5852
-87.1867	9.8721	48.149162	-3120.2324
-87.1859	9.8728	48.269535	-3120.6316
-87.1851	9.8736	48.389908	-3121.7173
-87.1843	9.8743	48.51028	-3123.54
-87.1834	9.8750	48.630653	-3125.9001
-87.1826	9.8757	48.751026	-3128.5713
-87.1818	9.8764	48.8714	-3131.2175
-87.1810	9.8771	48.99177	-3133.62
-87.1801	9.8778	49.112144	-3135.6477
-87.1793	9.8785	49.232517	-3137.222
-87.1785	9.8793	49.35289	-3138.2966
-87.1776	9.8800	49.473263	-3138.786
-87.1768	9.8807	49.593636	-3138.5354
-87.1760	9.8814	49.71401	-3137.5654
-87.1752	9.8821	49.83438	-3135.911
-87.1743	9.8828	49.954754	-3133.7173
-87.1735	9.8835	50.075127	-3131.0925
-87.1727	9.8843	50.1955	-3128.1367
-87.1719	9.8850	50.315872	-3124.9404
-87.1710	9.8857	50.436245	-3121.6907
-87.1702	9.8864	50.556618	-3118.7117
-87.1694	9.8871	50.67699	-3116.101
-87.1686	9.8878	50.797363	-3113.8389
-87.1677	9.8885	50.917736	-3111.85
-87.1669	9.8892	51.03811	-3110.1938
-87.1661	9.8900	51.15848	-3108.8616
-87.1652	9.8907	51.278854	-3107.8196
-87.1644	9.8914	51.399227	-3107.006
-87.1636	9.8921	51.5196	-3106.3389
-87.1628	9.8928	51.639973	-3105.801
-87.1619	9.8935	51.760345	-3103.837
-87.1611	9.8942	51.88072	-3098.0757
-87.1603	9.8950	52.00109	-3104.2046
-87.1595	9.8957	52.121464	-3107.9475
-87.1586	9.8964	52.241837	-3110.469
-87.1578	9.8971	52.36221	-3110.3508
-87.1570	9.8978	52.482582	-3108.6675
-87.1562	9.8985	52.602955	-3107.51
-87.1553	9.8992	52.723328	-3106.253
-87.1545	9.8999	52.8437	-3105.4316
-87.1537	9.9007	52.964073	-3104.6995
-87.1528	9.9014	53.084446	-3103.4631
-87.1520	9.9021	53.20482	-3102.1646
-87.1512	9.9028	53.32519	-3100.9985
-87.1504	9.9035	53.445564	-3099.9026
-87.1495	9.9042	53.565937	-3099.0723
-87.1487	9.9049	53.68631	-3098.3613
-87.1479	9.9057	53.806683	-3097.521
-87.1471	9.9064	53.927055	-3095.7295
-87.1462	9.9071	54.04743	-3092.8818
-87.1454	9.9078	54.1678	-3093.5562
-87.1446	9.9085	54.288174	-3088.8364
-87.1438	9.9092	54.408546	-3094.5054
-87.1429	9.9099	54.52892	-3098.0916
-87.1421	9.9106	54.649292	-3094.7725
-87.1413	9.9114	54.769665	-3097.3179
-87.1404	9.9121	54.890038	-3101.8638
-87.1396	9.9128	55.01041	-3104.131
-87.1388	9.9135	55.130783	-3104.045
-87.1380	9.9142	55.251156	-3100.2402
-87.1371	9.9149	55.37153	-3096.5107
-87.1363	9.9156	55.4919	-3093.195
-87.1355	9.9163	55.612274	-3088.5952
-87.1347	9.9171	55.732647	-3082.404
-87.1338	9.9178	55.85302	-3076.405
-87.1330	9.9185	55.973392	-3071.9458
-87.1322	9.9192	56.093765	-3068.0762
-87.1313	9.9199	56.214138	-3062.7852
-87.1305	9.9206	56.33451	-3056.395
-87.1297	9.9213	56.454884	-3054.2832
-87.1289	9.9221	56.575256	-3054.719
-87.1280	9.9228	56.69563	-3054.766
-87.1272	9.9235	56.816	-3051.3115
-87.1264	9.9242	56.936375	-3048.9531
-87.1256	9.9249	57.056747	-3049.186
-87.1247	9.9256	57.17712	-3050.3164
-87.1239	9.9263	57.297493	-3051.1384
-87.1231	9.9270	57.417866	-3052.2488
-87.1223	9.9278	57.53824	-3053.8381
-87.1214	9.9285	57.65861	-3055.7651
-87.1206	9.9292	57.778984	-3055.0613
-87.1198	9.9299	57.899357	-3053.3384
-87.1189	9.9306	58.01973	-3054.1294
-87.1181	9.9313	58.140102	-3057.382
-87.1173	9.9320	58.260475	-3060.4326
-87.1165	9.9328	58.380848	-3062.1309
-87.1156	9.9335	58.50122	-3063.7166
-87.1148	9.9342	58.621593	-3065.465
-87.1140	9.9349	58.741966	-3066.9683
-87.1132	9.9356	58.86234	-3068.3125
-87.1123	9.9363	58.98271	-3069.66
-87.1115	9.9370	59.103085	-3070.7744
-87.1107	9.9377	59.223457	-3071.7563
-87.1098	9.9385	59.34383	-3072.5122
-87.1090	9.9392	59.464203	-3072.9182
-87.1082	9.9399	59.584576	-3072.3428
-87.1074	9.9406	59.70495	-3070.8452
-87.1065	9.9413	59.82532	-3069.9702
-87.1057	9.9420	59.945694	-3070.698
-87.1049	9.9427	60.066067	-3071.343
-87.1041	9.9434	60.18644	-3069.9512
-87.1032	9.9442	60.306812	-3066.9404
-87.1024	9.9449	60.427185	-3064.4084
-87.1016	9.9456	60.547558	-3062.1404
-87.1008	9.9463	60.66793	-3059.4568
-87.0999	9.9470	60.788303	-3057.1528
-87.0991	9.9477	60.908676	-3055.4985
-87.0983	9.9484	61.02905	-3054.2805
-87.0975	9.9492	61.14942	-3053.3198
-87.0966	9.9499	61.269794	-3052.4695
-87.0958	9.9506	61.390167	-3051.7603
-87.0950	9.9513	61.51054	-3050.9797
-87.0941	9.9520	61.630913	-3050.0195
-87.0933	9.9527	61.751286	-3048.4878
-87.0925	9.9534	61.87166	-3046.5593
-87.0917	9.9541	61.99203	-3044.5056
-87.0908	9.9549	62.112404	-3042.488
-87.0900	9.9556	62.232777	-3040.6213
-87.0892	9.9563	62.35315	-3038.763
-87.0883	9.9570	62.473522	-3037.0767
-87.0875	9.9577	62.593895	-3035.4028
-87.0867	9.9584	62.714268	-3033.2434
-87.0859	9.9591	62.83464	-3030.2637
-87.0850	9.9598	62.955013	-3026.4888
-87.0842	9.9606	63.075386	-3023.304
-87.0834	9.9613	63.19576	-3021.6846
-87.0826	9.9620	63.31613	-3020.6116
-87.0817	9.9627	63.436504	-3020.0266
-87.0809	9.9634	63.556877	-3019.149
-87.0801	9.9641	63.67725	-3017.2852
-87.0793	9.9648	63.797623	-3015.8643
-87.0784	9.9656	63.917995	-3014.4055
-87.0776	9.9663	64.03837	-3011.1902
-87.0768	9.9670	64.158745	-3005.0386
-87.0759	9.9677	64.27912	-2990.3335
-87.0751	9.9684	64.3995	-2969.5867
-87.0743	9.9691	64.519875	-2955.0464
-87.0735	9.9698	64.64025	-2950.57
-87.0726	9.9705	64.76063	-2956.3323
-87.0718	9.9713	64.881004	-2966.5864
-87.0710	9.9720	65.00138	-2974.4497
-87.0702	9.9727	65.12176	-2976.6113
-87.0693	9.9734	65.242134	-2975.633
-87.0685	9.9741	65.36251	-2976.2515
-87.0677	9.9748	65.48289	-2981.4656
-87.0668	9.9755	65.603264	-2987.4832
-87.0660	9.9762	65.72364	-2987.9749
-87.0652	9.9770	65.84402	-2986.0847
-87.0644	9.9777	65.96439	-2986.4365
-87.0635	9.9784	66.08477	-2996.0527
-87.0627	9.9791	66.20515	-3011.9712
-87.0619	9.9798	66.32552	-3024.7993
-87.0611	9.9805	66.4459	-3029.5105
-87.0602	9.9812	66.56628	-3033.1836
-87.0594	9.9819	66.68665	-3028.205
-87.0586	9.9827	66.80703	-3016.0537
-87.0577	9.9834	66.92741	-3011.9172
-87.0569	9.9841	67.04778	-3022.178
-87.0561	9.9848	67.16816	-3034.9985
-87.0553	9.9855	67.288536	-3041.2356
-87.0544	9.9862	67.40891	-3042.5164
-87.0536	9.9869	67.52929	-3042.4744
-87.0528	9.9877	67.649666	-3040.9353
-87.0520	9.9884	67.77004	-3039.131
-87.0511	9.9891	67.89042	-3039.1746
-87.0503	9.9898	68.010796	-3039.8335
-87.0495	9.9905	68.13117	-3038.0696
-87.0487	9.9912	68.25155	-3033.9238
-87.0478	9.9919	68.371925	-3033.6245
-87.0470	9.9926	68.4923	-3039.371
-87.0462	9.9934	68.61268	-3046.551
-87.0453	9.9941	68.733055	-3049.805
-87.0445	9.9948	68.85343	-3049.0781
-87.0437	9.9955	68.97381	-3050.1157
-87.0429	9.9962	69.094185	-3058.3154
-87.0420	9.9969	69.21456	-3069.6172
-87.0412	9.9976	69.33494	-3074.8662
-87.0404	9.9983	69.455315	-3074.683
-87.0396	9.9991	69.57569	-3074.3706
-87.0387	9.9998	69.69607	-3075.4717
-87.0379	10.0005	69.816444	-3074.3418
-87.0371	10.0012	69.93682	-3071.5435
-87.0362	10.0019	70.0572	-3071.012
-87.0354	10.0026	70.177574	-3072.1587
-87.0346	10.0033	70.29795	-3071.3027
-87.0338	10.0040	70.41833	-3068.4866
-87.0329	10.0048	70.538704	-3067.89
-87.0321	10.0055	70.65908	-3069.9358
-87.0313	10.0062	70.77946	-3071.7856
-87.0304	10.0069	70.89983	-3071.1184
-87.0296	10.0076	71.02021	-3069.02
-87.0288	10.0083	71.14059	-3066.1675
-87.0280	10.0090	71.26096	-3065.9055
-87.0271	10.0098	71.38134	-3068.8252
-87.0263	10.0105	71.50172	-3070.0635
-87.0255	10.0112	71.62209	-3069.3257
-87.0247	10.0119	71.74247	-3069.0457
-87.0238	10.0126	71.86285	-3071.7483
-87.0230	10.0133	71.98322	-3075.2742
-87.0222	10.0140	72.1036	-3078.0198
-87.0213	10.0147	72.223976	-3080.4014
-87.0205	10.0155	72.34435	-3083.0571
-87.0197	10.0162	72.46473	-3086.2576
-87.0189	10.0169	72.585106	-3089.2754
-87.0180	10.0176	72.70548	-3091.0078
-87.0172	10.0183	72.82586	-3090.0708
-87.0164	10.0190	72.946236	-3096.3235
-87.0156	10.0197	73.06661	-3115.272
-87.0147	10.0204	73.18699	-3121.5435
-87.0139	10.0212	73.307365	-3123.974
-87.0131	10.0219	73.42774	-3121.5977
-87.0123	10.0226	73.54812	-3121.555
-87.0114	10.0233	73.668495	-3125.3855
-87.0106	10.0240	73.78887	-3130.22
-87.0098	10.0247	73.90925	-3131.6816
-87.0089	10.0254	74.029625	-3131.2812
-87.0081	10.0261	74.15	-3130.56
-87.0073	10.0269	74.27038	-3130.0718
-87.0065	10.0276	74.390755	-3129.6685
-87.0056	10.0283	74.51113	-3131.0256
-87.0048	10.0290	74.63151	-3132.115
-87.0040	10.0297	74.751884	-3134.0535
-87.0032	10.0304	74.87226	-3135.461
-87.0023	10.0311	74.99264	-3136.5693
-87.0015	10.0318	75.113014	-3138.27
-87.0007	10.0326	75.23339	-3141.469
-86.9998	10.0333	75.35377	-3146.5605
-86.9990	10.0340	75.474144	-3152.9565
-86.9982	10.0347	75.59452	-3158.5437
-86.9974	10.0354	75.7149	-3161.3796
-86.9965	10.0361	75.83527	-3161.5117
-86.9957	10.0368	75.95565	-3160.5156
-86.9949	10.0376	76.07603	-3159.7795
-86.9940	10.0383	76.1964	-3159.9265
-86.9932	10.0390	76.31678	-3161.641
-86.9924	10.0397	76.43716	-3164.575
-86.9916	10.0404	76.55753	-3168.959
-86.9907	10.0411	76.67791	-3173.7734
-86.9899	10.0418	76.79829	-3177.2493
-86.9891	10.0425	76.91866	-3180.273
-86.9883	10.0433	77.03904	-3179.9412
-86.9874	10.0440	77.15942	-3177.1697
-86.9866	10.0447	77.27979	-3178.836
-86.9858	10.0454	77.40017	-3181.3667
-86.9849	10.0461	77.520546	-3201.1797
-86.9841	10.0468	77.64092	-3211.8853
-86.9833	10.0475	77.7613	-3166.4495
-86.9825	10.0482	77.881676	-3171.6448
-86.9816	10.0490	78.00205	-3182.7424
-86.9808	10.0497	78.12243	-3188.3892
-86.9800	10.0504	78.242805	-3189.594
-86.9791	10.0511	78.36318	-3188.208
-86.9783	10.0518	78.48356	-3188.3372
-86.9775	10.0525	78.603935	-3191.076
-86.9767	10.0532	78.72431	-3194.8337
-86.9758	10.0539	78.84469	-3196.448
-86.9750	10.0547	78.965065	-3194.9111
-86.9742	10.0554	79.08544	-3190.631
-86.9734	10.0561	79.20582	-3186.8884
-86.9725	10.0568	79.326195	-3188.68
-86.9717	10.0575	79.44657	-3194.6592
-86.9709	10.0582	79.56695	-3197.9402
-86.9700	10.0589	79.687325	-3202.305
-86.9692	10.0596	79.8077	-3220.3655
-86.9684	10.0604	79.92808	-3206.7407
-86.9676	10.0611	80.048454	-3207.977
-86.9667	10.0618	80.16883	-3214.9897
-86.9659	10.0625	80.28921	-3225.9783
-86.9651	10.0632	80.409584	-3240.689
-86.9643	10.0639	80.52996	-3253.4844
-86.9634	10.0646	80.65034	-3261.5913
-86.9626	10.0653	80.77071	-3264.9275
-86.9618	10.0661	80.89109	-3267.6206
-86.9609	10.0668	81.01147	-3271.1946
-86.9601	10.0675	81.13184	-3275.925
-86.9593	10.0682	81.25222	-3280.697
-86.9585	10.0689	81.3726	-3280.4631
-86.9576	10.0696	81.49297	-3275.025
-86.9568	10.0703	81.61335	-3268.686
-86.9560	10.0711	81.73373	-3264.963
-86.9552	10.0718	81.8541	-3268.0635
-86.9543	10.0725	81.97448	-3274.7307
-86.9535	10.0732	82.09486	-3280.927
-86.9527	10.0739	82.21523	-3286.2874
-86.9518	10.0746	82.33561	-3292.5867
-86.9510	10.0753	82.455986	-3301.644
-86.9502	10.0760	82.57636	-3316.0352
-86.9494	10.0768	82.69674	-3334.7769
-86.9485	10.0775	82.817116	-3352.517
-86.9477	10.0782	82.93749	-3363.3086
-86.9469	10.0789	83.05787	-3364.2756
-86.9461	10.0796	83.178246	-3360.068
-86.9452	10.0803	83.29862	-3354.8262
-86.9444	10.0810	83.419	-3352.8293
-86.9436	10.0817	83.539375	-3352.6438
-86.9427	10.0825	83.65975	-3354.6624
-86.9419	10.0832	83.78013	-3357.7197
-86.9411	10.0839	83.900505	-3361.8384
-86.9403	10.0846	84.02088	-3366.2163
-86.9394	10.0853	84.14126	-3375.3848
-86.9386	10.0860	84.261635	-3386.1658
-86.9378	10.0867	84.38201	-3397.23
-86.9369	10.0874	84.50239	-3406.124
-86.9361	10.0882	84.622765	-3409.3647
-86.9353	10.0889	84.74314	-3419.8535
-86.9345	10.0896	84.86352	-3435.612
-86.9336	10.0903	84.983894	-3449.9214
-86.9328	10.0910	85.10427	-3455.8313
-86.9320	10.0917	85.22465	-3451.5295
-86.9312	10.0924	85.345024	-3446.9592
-86.9303	10.0931	85.4654	-3446.7214
-86.9295	10.0939	85.58578	-3450.3982
-86.9287	10.0946	85.706154	-3456.8071
-86.9278	10.0953	85.82653	-3464.1802
-86.9270	10.0960	85.94691	-3469.4856
-86.9262	10.0967	86.06728	-3469.6602
-86.9254	10.0974	86.18766	-3466.572
-86.9245	10.0981	86.30804	-3461.738
-86.9237	10.0988	86.42841	-3456.8835
-86.9229	10.0996	86.54879	-3451.8623
-86.9220	10.1003	86.66917	-3447.4348
-86.9212	10.1010	86.78954	-3442.799
-86.9204	10.1017	86.90992	-3439.9001
-86.9196	10.1024	87.0303	-3413.3987
-86.9187	10.1031	87.15067	-3427.6775
-86.9179	10.1038	87.27105	-3455.3997
-86.9171	10.1045	87.391426	-3490.267
-86.9163	10.1053	87.5118	-3446.3333
-86.9154	10.1060	87.63218	-3437.506
-86.9146	10.1067	87.752556	-3442.3992
-86.9138	10.1074	87.87293	-3452.041
-86.9129	10.1081	87.99331	-3461.143
-86.9121	10.1088	88.113686	-3471.858
-86.9113	10.1095	88.23406	-3486.5903
-86.9105	10.1102	88.35444	-3509.0889
-86.9096	10.1110	88.474815	-3527.073
-86.9088	10.1117	88.59519	-3536.3357
-86.9080	10.1124	88.71557	-3537.4585
-86.9072	10.1131	88.835945	-3538.1655
-86.9063	10.1138	88.95632	-3543.6006
-86.9055	10.1145	89.0767	-3560.1414
-86.9047	10.1152	89.197075	-3578.8352
-86.9038	10.1159	89.31745	-3592.405
-86.9030	10.1167	89.43783	-3591.0742
-86.9022	10.1174	89.558205	-3590.2637
-86.9014	10.1181	89.67858	-3595.2878
-86.9005	10.1188	89.79896	-3607.794
-86.8997	10.1195	89.919334	-3630.9697
-86.8989	10.1202	90.03971	-3663.9153
-86.8980	10.1209	90.16009	-3700.1016
-86.8972	10.1216	90.280464	-3731.1562
-86.8964	10.1224	90.40084	-3753.1729
-86.8956	10.1231	90.52122	-3766.5735
-86.8947	10.1238	90.641594	-3773.0825
-86.8939	10.1245	90.76197	-3775.408
-86.8931	10.1252	90.88235	-3778.6262
-86.8922	10.1259	91.00272	-3781.014
-86.8914	10.1266	91.1231	-3783.2866
-86.8906	10.1273	91.24348	-3785.504
-86.8898	10.1281	91.36385	-3787.6592
-86.8889	10.1288	91.48423	-3790.0369
-86.8881	10.1295	91.60461	-3791.1577
-86.8873	10.1302	91.72498	-3788.8726
-86.8865	10.1309	91.84536	-3784.3206
-86.8856	10.1316	91.96574	-3779.3906
-86.8848	10.1323	92.08611	-3774.7258
-86.8840	10.1330	92.20649	-3769.925
-86.8831	10.1338	92.326866	-3763.2002
-86.8823	10.1345	92.44724	-3755.7556
-86.8815	10.1352	92.56762	-3750.371
-86.8807	10.1359	92.687996	-3746.3267
-86.8798	10.1366	92.80837	-3743.5408
-86.8790	10.1373	92.92875	-3740.9316
-86.8782	10.1380	93.049126	-3735.2568
-86.8773	10.1387	93.1695	-3730.6755
-86.8765	10.1395	93.28988	-3731.3835
-86.8757	10.1402	93.410255	-3737.6855
-86.8749	10.1409	93.53063	-3745.4255
-86.8740	10.1416	93.65101	-3750.6465
-86.8732	10.1423	93.771385	-3751.5737
-86.8724	10.1430	93.89176	-3748.6443
-86.8715	10.1437	94.01214	-3744.9126
-86.8707	10.1444	94.132515	-3743.173
-86.8699	10.1452	94.25289	-3742.094
-86.8691	10.1459	94.37327	-3738.805
-86.8682	10.1466	94.493645	-3733.9214
-86.8674	10.1473	94.61402	-3729.3892
-86.8666	10.1480	94.7344	-3726.825
-86.8658	10.1487	94.854774	-3727.541
-86.8649	10.1494	94.97515	-3730.9363
-86.8641	10.1501	95.09553	-3734.345
-86.8633	10.1509	95.215904	-3737.954
-86.8624	10.1516	95.33628	-3743.3994
-86.8616	10.1523	95.45666	-3752.8223
-86.8608	10.1530	95.577034	-3765.993
-86.8600	10.1537	95.69741	-3779.8696
-86.8591	10.1544	95.81779	-3790.0813
-86.8583	10.1551	95.93816	-3794.9573
-86.8575	10.1558	96.05854	-3796.206
-86.8566	10.1566	96.17892	-3796.4348
-86.8558	10.1573	96.29929	-3795.52
-86.8550	10.1580	96.41967	-3793.9553
-86.8542	10.1587	96.54005	-3792.012
-86.8533	10.1594	96.66042	-3789.8137
-86.8525	10.1601	96.7808	-3787.4568
-86.8517	10.1608	96.90118	-3787.101
-86.8508	10.1615	97.02155	-3788.6504
-86.8500	10.1623	97.14193	-3792.841
-86.8492	10.1630	97.26231	-3800.046
-86.8484	10.1637	97.38268	-3808.9336
-86.8475	10.1644	97.50306	-3818.6917
-86.8467	10.1651	97.623436	-3827.8022
-86.8459	10.1658	97.74381	-3836.12
-86.8450	10.1665	97.86419	-3843.5596
-86.8442	10.1672	97.984566	-3853.344
-86.8434	10.1680	98.10494	-3867.129
-86.8426	10.1687	98.22532	-3886.7373
-86.8417	10.1694	98.345695	-3916.5137
-86.8409	10.1701	98.46607	-3951.03
-86.8401	10.1708	98.58645	-3985.778
-86.8393	10.1715	98.706825	-4015.733
-86.8384	10.1722	98.8272	-4040.9504
-86.8376	10.1729	98.94758	-4064.3938
-86.8368	10.1737	99.067955	-4086.5132
-86.8359	10.1744	99.18833	-4104.652
-86.8351	10.1751	99.30871	-4115.371
-86.8343	10.1758	99.429085	-4116.722
-86.8335	10.1765	99.54946	-4111.66
-86.8326	10.1772	99.66984	-4103.2153
-86.8318	10.1779	99.790215	-4093.3352
-86.8310	10.1786	99.91059	-4084.2258
-86.8301	10.1794	100.03097	-4076.2812
-86.8293	10.1801	100.151344	-4069.63
-86.8285	10.1808	100.27172	-4064.0488
-86.8277	10.1815	100.3921	-4059.4058
-86.8268	10.1822	100.512474	-4056.9556
-86.8260	10.1829	100.63285	-4057.7212
-86.8252	10.1836	100.75323	-4060.1003
-86.8243	10.1843	100.873604	-4064.482
-86.8235	10.1851	100.99398	-4071.4353
-86.8227	10.1858	101.11436	-4081.0886
-86.8219	10.1865	101.23473	-4093.2747
-86.8210	10.1872	101.35511	-4107.8975
-86.8202	10.1879	101.47549	-4125.103
-86.8194	10.1886	101.59586	-4143.9663
-86.8186	10.1893	101.71624	-4160.349
-86.8177	10.1900	101.83662	-4170.429
-86.8169	10.1908	101.95699	-4172.6665
-86.8161	10.1915	102.07737	-4170.0757
-86.8152	10.1922	102.19775	-4166.4805
-86.8144	10.1929	102.31812	-4164.2812
-86.8136	10.1936	102.4385	-4163.0205
-86.8128	10.1943	102.558876	-4161.9165
-86.8119	10.1950	102.67925	-4160.2236
-86.8111	10.1957	102.79963	-4160.2524
-86.8103	10.1965	102.920006	-4161.9463
-86.8094	10.1972	103.04038	-4164.7646
-86.8086	10.1979	103.16076	-4165.591
-86.8078	10.1986	103.281136	-4160.6577
-86.8070	10.1993	103.40151	-4150.0884
-86.8061	10.2000	103.52189	-4134.2964
-86.8053	10.2007	103.642265	-4122.525
-86.8045	10.2014	103.76264	-4112.381
-86.8036	10.2022	103.88302	-4108.705
-86.8028	10.2029	104.003395	-4107.044
-86.8020	10.2036	104.12377	-4109.5835
-86.8012	10.2043	104.24415	-4117.956
-86.8003	10.2050	104.364525	-4133.2427
-86.7995	10.2057	104.4849	-4153.7725
-86.7987	10.2064	104.60528	-4176.4214
-86.7978	10.2071	104.725655	-4191.3574
-86.7970	10.2078	104.84603	-4197.158
-86.7962	10.2086	104.96641	-4196.5264
-86.7954	10.2093	105.086784	-4193.4937
-86.7945	10.2100	105.20716	-4191.7363
-86.7937	10.2107	105.32754	-4189.452
-86.7929	10.2114	105.447914	-4186.9062
-86.7920	10.2121	105.56829	-4185.433
-86.7912	10.2128	105.68867	-4186.545
-86.7904	10.2135	105.809044	-4188.8994
-86.7896	10.2143	105.92942	-4192.3047
-86.7887	10.2150	106.0498	-4198.036
-86.7879	10.2157	106.17017	-4207.548
-86.7871	10.2164	106.29055	-4217.821
-86.7862	10.2171	106.41093	-4227.596
-86.7854	10.2178	106.5313	-4236.454
-86.7846	10.2185	106.65168	-4243.8403
-86.7838	10.2192	106.77206	-4254.617
-86.7829	10.2200	106.89243	-4270.749
-86.7821	10.2207	107.01281	-4292.1074
-86.7813	10.2214	107.13319	-4311.6836
-86.7804	10.2221	107.25356	-4325.8438
-86.7796	10.2228	107.37394	-4332.858
-86.7788	10.2235	107.494316	-4341.2573
-86.7780	10.2242	107.61469	-4358.886
-86.7771	10.2249	107.73507	-4377.8394
-86.7763	10.2257	107.855446	-4390.5293
-86.7755	10.2264	107.97582	-4396.6577
-86.7747	10.2271	108.0962	-4401.5093
-86.7738	10.2278	108.216576	-4408.5093
-86.7730	10.2285	108.33695	-4417.649
-86.7722	10.2292	108.45733	-4426.7925
-86.7713	10.2299	108.577705	-4438.6045
-86.7705	10.2306	108.69808	-4452.935
-86.7697	10.2314	108.81846	-4463.465
-86.7689	10.2321	108.938835	-4467.8667
-86.7680	10.2328	109.05921	-4468.373
-86.7672	10.2335	109.17959	-4467.7144
-86.7664	10.2342	109.299965	-4469.9946
-86.7655	10.2349	109.42034	-4475.3813
-86.7647	10.2356	109.54072	-4483.5547
-86.7639	10.2363	109.661095	-4495.8555
-86.7631	10.2371	109.78147	-4511.1465
-86.7622	10.2378	109.90185	-4530.491
-86.7614	10.2385	110.022224	-4556.575
-86.7606	10.2392	110.1426	-4587.605
-86.7597	10.2399	110.26298	-4620.1973
-86.7589	10.2406	110.383354	-4651.504
-86.7581	10.2413	110.50373	-4679.505
-86.7573	10.2420	110.62411	-4701.849
-86.7564	10.2427	110.744484	-4719.5923
-86.7556	10.2435	110.86486	-4741.8745
-86.7548	10.2442	110.98524	-4760.766
-86.7539	10.2449	111.10561	-4789.5107
-86.7531	10.2456	111.22599	-4818.658
-86.7523	10.2463	111.34637	-4842.4434
-86.7514	10.2470	111.46674	-4864.9556
-86.7506	10.2477	111.58712	-4879.328
-86.7498	10.2484	111.7075	-4888.0967
-86.7490	10.2492	111.82787	-4894.2173
-86.7481	10.2499	111.94825	-4899.0503
-86.7473	10.2506	112.06863	-4910.697
-86.7465	10.2513	112.189	-4925.095
-86.7457	10.2520	112.30938	-4942.99
-86.7448	10.2527	112.429756	-4961.0083
-86.7440	10.2534	112.55013	-4979.1562
-86.7432	10.2541	112.67051	-4994.0923
-86.7423	10.2549	112.790886	-5005.962
-86.7415	10.2556	112.91126	-5012.066
-86.7407	10.2563	113.03164	-5015.488
-86.7399	10.2570	113.152016	-5012.5938
-86.7390	10.2577	113.27239	-5010.7153
-86.7382	10.2584	113.39277	-5010.5234
-86.7374	10.2591	113.513145	-5028.8555
-86.7365	10.2598	113.63352	-5061.7534
-86.7357	10.2606	113.7539	-5096.9683
-86.7349	10.2613	113.874275	-5061.8745
-86.7341	10.2620	113.99465	-5074.7144
-86.7332	10.2627	114.11503	-5062.161
-86.7324	10.2634	114.235405	-5102.409
-86.7316	10.2641	114.35578	-5076.9526
